25
1 1
2
2 3 1 2 3
1 1
2
1 3 1 2 3
3 20
1 2 2
1 3 2 3 2
1 2 2 2
3 1 1
3 2 1 2
3 4 2 1 2 2
3 2 2 2
1 1 1
3 1 2
1 2 2 2
1 0
3 2 1 3
2 0
2 0
1 0
2 0
1 0
2 1 1
2 3 2 1 1
3 3 3 3 3
3 0
2 13
2 2
2 0
2 1 2
2 0
2 1 2
2 1 2
2 0
2 2 2 2
2 3 2 2 2
2 1 2
2 0
2 1 2
2 0
2 0
3 20
3 2 3
1 2 4 1
3 2 3 2
2 1 2
1 0
3 1 4
2 2 2 4
3 0
4 0
2 1 4
2 1 4
3 3 2 3 3
3 2 2 4
1 2 1 1
2 1 1
3 1 3
1 2 1 3
2 1 3
4 0
2 0
4 0
2 20
1 2
1 1 1
1 0
2 1 2
2 2 3 3
1 1 3
1 2 2 1
2 2 1 2
1 0
2 0
1 0
2 1 2
3 1 2
3 2 3 3
3 2 2 1
1 0
3 3 3 1 3
1 1 3
2 0
3 1 2
3 1 1
2 20
2 3
1 2 3 2
2 0
3 0
1 4 2 1 3 2
1 3 1 3 2
3 2 1 3
1 3 3 2 2
3 2 2 2
2 1 1
1 0
3 2 2 2
2 1 3
3 0
2 0
1 5 2 2 1 1 2
3 2 2 2
2 2 1 1
1 1 2
2 1 3
1 2 3 3
1 1
2
1 1 1
3 3
1 1 1
1 0
1 0
1 0
1 20
18
19 1 11
11 2 14 19
6 3 13 4 11
2 1 6
8 2 12 2
5 1 8
1 2 10 5
9 1 1
7 1 9
14 2 20 7
3 2 8 14
17 1 3
10 3 10 17 14
16 1 10
15 1 16
4 1 15
13 1 4
20 1 13
12 1 20
18 1 12
3 19
1 1 1
1 0
1 0
1 0
1 0
1 0
1 0
1 1 1
1 1 1
1 1 1
1 1 1
1 1 1
1 1 1
1 1 1
1 1 1
1 1 1
1 2 1 1
1 2 1 1
1 2 1 1
1 2 1 1
2 9
13 13
13 2 13 13
13 1 13
13 0
13 0
13 1 13
13 0
13 1 13
13 1 13
13 1 13
1 10
2
6 4 4 3 5 6
3 4 1 3 2 2
5 7 3 6 3 1 3 4 4
1 2 6 1
1 3 6 6 1
1 4 1 6 2 4
6 3 6 3 4
6 3 2 4 2
1 8 1 3 3 5 4 4 3 2
6 1 5
3 15
2 3 1
1 1 2
1 0
1 1 2
3 1 2
1 1 1
2 1 2
3 2 2 2
1 0
3 5 3 1 3 1 2
2 0
3 1 1
3 2 3 3
3 0
2 1 1
1 0
10 20
1 2 3 4 5 6 7 8 9 10
5 1 5
8 0
3 1 3
2 0
9 1 9
1 0
4 1 4
6 0
3 0
7 1 7
9 0
2 1 2
1 1 1
8 1 8
6 1 6
10 1 10
5 0
7 0
4 0
10 0
3 10
2 2 2
2 1 1
1 2 1 1
1 2 1 1
1 2 1 1
2 0
2 1 1
1 3 2 1 2
2 2 2 2
1 0
1 1 1
1 20
8
16 2 10 13
15 3 16 5 3
10 1 19
3 1 18
20 2 3 5
13 2 12 11
6 2 18 4
8 1 12
7 2 19 10
17 2 17 20
4 4 9 18 12 15
5 2 18 1
14 1 9
2 4 2 15 17 15
1 3 14 16 12
12 2 2 14
11 1 7
18 1 5
9 1 2
19 2 11 6
3 5
2 1 2
1 0
1 1 2
2 1 2
1 2 1 1
2 2 1 2
1 2
2
2 0
2 1 2
1 4
1
1 0
1 2 1 3
2 0
3 1 2
2 20
3 1
3 2 2 3
2 1 4
2 1 2
2 1 2
2 0
1 4 4 3 2 2
3 2 4 2
2 2 3 4
3 3 3 1 4
1 3 1 3 4
2 3 1 2 1
4 1 3
2 2 3 2
1 1 1
1 2 1 1
4 3 4 4 1
4 2 3 4
1 4 4 3 4 2
2 1 1
2 0
1 1
2
2 0
23 5
3 1 4 1 3 3 1 1 4 3 1 1 2 4 2 4 4 2 2 4 2 4 1
2 2 2 4
2 2 2 4
1 0
3 0
2 2 2 4
20 15
3 5 2 1 3 3 4 1 3 2 3 2 3 2 1 1 2 2 2 5
1 0
2 1 3
4 0
1 2 4 2
4 0
3 2 4 4
5 2 1 3
3 0
1 2 3 3
4 3 1 5 3
2 2 2 1
3 1 4
5 1 5
3 2 2 2
5 2 2 4
5 15
1 1 2 2 1
3 1 1
1 0
1 1 3
1 1 3
1 1 2
3 1 1
2 2 1 1
3 2 1 3
3 3 2 1 2
1 3 2 2 1
3 4 3 3 2 3
3 1 3
3 1 1
2 2 2 2
2 3 1 1 1
